        "Latitude": 47.7878539778665,
        "Longitude": 18.231478521208,